x = 2.0; y = 4.0; z = 6.0; result = 3.317270042322142
x = 4.0; y = 3.0; z = 2.0; result = 2.4785856079093294
x = 4.0; y = 7.0; z = 2.0; result = 600.9890152948433
x = 4.0; y = 5.0; z = 5.0; result = 9.0
